,experiment_id,fuel_id,F_fuel,F_air,F_steam,O2,CO,NO,NO2,NOx,CO2,SO2,P_air,P_steam,comments,t_wg,sum_air,J
45,2201,1,0.5,,0.2,,,,,,,,,,181123_1,,,0.029
46,2202,1,0.6,,0.2,7.79,26.4,36.5,6.3,42.8,10.53,94.0,,1.6,181123_2,23.7,13.765,0.029
47,2203,1,0.7,,0.2,5.51,,55.7,3.4,59.1,12.28,111.0,,1.6,181123_3,24.2,13.695,0.029
48,2204,1,0.8,,0.2,2.11,8.55,85.6,1.6,87.2,14.87,140.0,,1.45,181123_4,25.1,12.834,0.029
49,2205,1,0.9,,0.2,0.82,,89.2,1.3,90.5,15.82,157.0,,1.52,181123_5,25.3,13.516,0.029
50,2206,1,0.95,,0.2,,,,,,,,,,181123_6,,,0.029
51,2207,1,0.65,,0.4,,,,,,,,,,181123_7,,,0.083
52,2208,1,0.7,,0.4,8.03,32.05,31.6,4.9,36.5,10.33,95.0,,2.9,181123_8,24.8,16.356,0.083
53,2209,1,0.8,,0.4,5.66,49.3,40.9,6.3,47.2,12.11,110.0,,2.9,181123_9,26.2,15.804,0.083
54,2210,1,1.0,,0.4,1.9,18.25,66.8,0.7,67.5,14.98,143.0,,2.9,181123_10,28.7,15.867,0.083
55,2211,1,1.1,,0.4,0.44,,70.8,0.4,71.2,16.07,163.0,,2.9,181123_11,27.8,16.214,0.083
56,2212,1,1.2,,0.4,,,,,,,,,,181123_12,,,0.083
57,2213,1,0.75,,0.6,,,,,,,,,,181123_13,,,0.141
58,2214,1,0.8,,0.6,9.03,194.05,14.8,6.6,21.4,9.35,84.0,,4.4,181123_14,26.8,20.254,0.141
59,2215,1,0.9,,0.6,6.91,,32.0,5.6,37.6,11.17,108.0,,4.5,181123_47,26.5,19.357,0.141
60,2216,1,1.0,,0.6,4.48,12.5,47.9,3.9,51.8,13.0,125.0,,4.5,181123_46,27.0,18.344,0.141
61,2217,1,1.1,,0.6,3.3,,55.9,2.3,58.2,13.99,141.0,,4.5,181123_48,27.7,18.834,0.141
62,2218,1,1.2,,0.6,1.02,5.35,67.2,1.4,68.6,15.69,160.0,,4.5,181123_49,28.0,18.201,0.141
63,2219,1,1.25,,0.6,0.65,,67.6,1.6,69.2,16.03,167.0,,4.5,181123_50,28.0,18.615,0.141
64,2220,1,1.35,,0.6,,,,,,,,,,181123_18,,,0.141
65,2221,1,1.1,,0.8,5.41,255.9,38.5,2.0,40.5,12.17,118.0,,6.5,181123_19,28.1,21.383,0.2
66,2222,1,1.0,,0.8,6.94,135.45,28.1,2.9,31.0,11.0,105.0,,6.4,181123_20,27.6,21.554,0.2
67,2223,1,1.2,,0.8,3.6,6.7,50.1,2.0,52.1,13.57,133.0,,6.4,181123_21,28.7,20.9,0.2
68,2224,1,1.4,,0.8,0.48,91.5,62.9,1.1,64.0,16.08,171.0,,6.4,181123_22,29.4,20.676,0.2
69,2225,1,1.3,,0.8,2.27,,56.2,1.3,57.5,14.63,147.0,,6.4,181123_23,29.0,21.034,0.2
70,2226,1,1.6,,0.8,,,,,,,,,,181123_24,,,0.2
71,2227,1,1.15,,1.0,,,,,,,,,,181123_25,,,0.261
72,2228,1,1.2,,1.0,5.45,129.4,33.2,1.9,35.1,12.16,119.0,,8.4,181123_26,28.4,23.387,0.261
73,2229,1,1.3,,1.0,3.75,,43.1,1.7,44.8,13.58,133.0,,8.4,181123_27,28.8,22.839,0.261
74,2230,1,1.4,,1.0,1.99,26.9,53.0,1.6,54.6,14.99,153.0,,8.4,181123_28,29.1,22.318,0.261
75,2231,1,1.5,,1.0,0.81,,54.4,1.5,55.9,15.8,168.0,,8.4,181123_29,29.7,22.515,0.261
76,2232,1,1.6,,1.0,,,,,,,,,,181123_30,,,0.261
77,2233,1,1.5,,1.1,1.88,14.7,47.4,1.1,48.5,14.99,156.0,,9.4,181123_31,29.7,23.775,0.292
78,2234,1,1.2,,1.2,,,,,,,,,,181123_32,,,0.323
79,2235,1,1.4,,1.2,3.83,127.65,37.2,1.6,38.8,13.53,135.0,,10.2,181123_33,28.9,24.71,0.323
80,2236,1,1.5,,1.2,2.26,,43.6,1.5,45.1,14.71,149.0,,10.2,181123_34,29.5,24.257,0.323
81,2237,1,1.6,,1.2,0.9,20.9,48.6,1.6,50.2,15.9,170.0,,10.2,181123_35,29.9,24.123,0.323
82,2238,1,1.65,,1.2,,,,,,,,,,181123_36,,,0.323
83,2239,1,1.7,,1.2,,,,,,,,,,181123_37,,,0.323
84,2240,1,1.8,,1.2,,,,,,,,,,181123_38,,,0.323
85,2241,1,1.65,,1.3,1.09,20.5,44.2,1.5,45.7,15.69,165.0,,11.1,181123_39,30.1,25.115,0.355
86,2242,1,1.55,,1.4,,,,,,,,,,181123_40,,,0.386
87,2243,1,1.6,,1.4,2.7,127.5,36.3,1.4,37.7,14.43,149.0,,11.9,181123_41,29.8,26.496,0.386
88,2244,1,1.65,,1.4,1.8,,40.3,1.2,41.5,15.14,158.0,,11.7,181123_42,30.2,26.043,0.386
89,2245,1,1.7,,1.4,0.97,33.2,42.4,1.4,43.8,15.76,167.0,,11.7,181123_43,30.5,25.721,0.386
90,2246,1,1.75,,1.4,,,,,,,,,,181123_44,,,0.386
91,2247,1,1.8,,1.4,,,,,,,,,,181123_45,,,0.386
92,2248,1,0.965,,0.597,5.237,,43.137,1.422,,12.281,110.296,,568.23,180903_25,27.572,18.559,0.14
93,2249,1,1.18,,0.805,4.513,,39.48,0.474,,12.994,125.502,,767.716,180903_30,29.185,21.699,0.202
94,2250,1,1.377,,1.19,4.653,,30.257,2.531,,12.96,125.193,,1110.251,180903_35,30.143,25.524,0.32
95,2251,1,1.378,,0.79,1.153,,46.004,0.628,,15.818,161.155,,755.093,180903_40,31.407,21.04,0.197
96,2252,1,1.398,,0.999,1.917,,36.937,1.806,,15.211,153.776,,939.144,180903_45,32.596,22.208,0.261
97,2253,1,0.673,,0.478,9.541,,13.306,10.085,,8.98,77.638,,479.149,180703_1,26.089,17.794,0.105
98,2254,1,0.843,,0.588,7.73,,25.432,4.404,,10.114,99.545,,582.089,180703_2,27.818,19.248,0.137
99,2255,1,1.14,,0.798,4.945,,37.427,3.17,,12.463,117.007,,782.462,180703_3,30.012,21.525,0.2
100,2256,1,1.414,,1.001,2.399,,38.723,0.373,,14.365,140.88,,993.564,180703_4,30.063,23.037,0.261
101,2257,1,1.557,,1.128,,,,,,,,,967.114,180703_5,30.063,,0.301
102,2258,1,0.972,,0.586,5.383,,40.09,3.985,,12.08,114.239,,584.375,180703_7,28.631,18.869,0.137
103,2259,1,0.968,,0.797,7.844,,21.099,4.911,,10.229,95.369,,771.188,180703_8,28.35,22.296,0.199
104,2260,1,1.194,,0.8,3.966,,43.398,2.163,,13.225,125.252,,776.404,180703_9,30.345,21.246,0.2
105,2261,1,1.393,,0.801,0.673,,55.057,0.93,,15.792,157.439,,777.606,180703_10,30.745,20.771,0.201
106,2262,1,1.592,,0.801,,,,,,,,,782.104,180703_11,30.745,,0.2
107,2263,1,1.381,,1.205,3.404,,34.675,1.302,,13.701,133.518,,1023.521,180703_13,30.476,23.778,0.325
108,2264,1,1.565,,1.205,0.665,,42.476,1.021,,15.802,162.04,,962.413,180703_14,31.238,23.32,0.325
109,2265,1,1.583,,1.37,0.875,,41.985,1.074,,15.676,161.981,,1102.54,180703_16,30.893,23.832,0.377
110,2266,1,1.0,,0.598,5.18,,38.093,5.789,,12.287,113.794,,593.864,180703_19,28.48,19.157,0.14
292,2448,1,1.1,0.532,0.2,,500.0,,,,,,,,,,,0.029
293,2449,1,1.2,0.659,0.4,,500.0,,,,,,,,,,,0.083
294,2450,1,1.4,,0.6,,500.0,,,,,,,,,,,0.141
295,2451,1,1.5,,0.8,,500.0,,,,,,,,,,,0.2
296,2452,1,1.6,,1.0,,500.0,,,,,,,,,,,0.261
297,2453,1,1.65,,1.1,,500.0,,,,,,,,,,,0.292
298,2454,1,1.7,,1.2,,500.0,,,,,,,,,,,0.323
299,2455,1,0.6,,0.4,,500.0,,,,,,,,,,,0.083
300,2456,1,0.7,,0.6,,500.0,,,,,,,,,,,0.141
301,2457,1,0.8,,0.8,,500.0,,,,,,,,,,,0.2
302,2458,1,1.0,,1.0,,500.0,,,,,,,,,,,0.261
303,2459,1,1.1,,1.1,,500.0,,,,,,,,,,,0.292
304,2460,1,1.2,,1.2,,500.0,,,,,,,,,,,0.323
305,2461,1,1.4,,1.3,,500.0,,,,,,,,,,,0.355
306,2462,1,1.5,,1.4,,500.0,,,,,,,,,,,0.386
