,experiment_id,fuel_id,F_fuel,F_air,F_steam,O2,CO,NO,NO2,NOx,CO2,SO2,P_air,P_steam,comments,t_wg,sum_air,J
152,2308,3,0.45,,0.6,,500.0,180.0,,180.0,7.6,580.0,,4.7,,20.0,,0.141
153,2309,3,0.5,,0.6,10.63,100.4,177.6,,177.6,8.51,645.0,,4.7,,20.4,13.831,0.141
154,2310,3,0.8,,0.6,6.6,2.1,260.6,,260.6,11.56,894.0,,4.7,,23.3,15.937,0.141
155,2311,3,0.83,,0.6,6.19,1.3,255.2,,255.2,11.72,888.0,,4.7,,23.6,16.077,0.141
156,2312,3,0.9,,0.6,4.92,1.5,280.5,,280.5,12.91,978.0,,4.7,,23.4,16.056,0.141
157,2313,3,0.95,,0.6,3.78,0.9,295.8,,295.8,13.89,1021.0,,4.7,,23.5,15.826,0.141
158,2314,3,1.02,,0.6,1.81,40.0,296.1,,296.1,15.43,1163.0,,4.7,,23.0,15.247,0.141
159,2315,3,1.05,,0.6,,500.0,300.0,,300.0,16.3,1240.0,,4.7,,22.5,,0.141
160,2316,3,0.7,,1.0,,500.0,205.0,,205.0,8.6,650.0,,8.4,,24.0,,0.261
161,2317,3,0.8,,1.0,8.87,44.7,232.0,,232.0,9.87,746.0,,8.4,,24.1,18.919,0.261
162,2318,3,0.85,,1.0,8.07,29.8,249.0,,249.0,10.55,774.0,,8.4,,24.0,18.858,0.261
163,2319,3,0.9,,1.0,7.4,19.9,255.1,,255.1,11.07,832.0,,8.4,,24.5,18.983,0.261
164,2320,3,0.93,,1.0,7.02,21.1,254.4,,254.4,11.29,848.0,,8.4,,24.6,19.083,0.261
165,2321,3,1.05,,1.0,5.2,21.1,289.3,,289.3,12.76,989.0,,8.4,,24.4,19.063,0.261
166,2322,3,1.08,,1.0,4.63,19.7,297.6,,297.6,13.3,1006.0,,8.4,,24.4,18.925,0.261
167,2323,3,1.1,,1.0,3.78,18.0,300.0,,300.0,13.6,1031.0,,8.4,,24.4,18.324,0.261
168,2324,3,0.85,,1.4,,500.0,220.0,,220.0,9.1,710.0,,11.3,,24.0,,0.386
169,2325,3,0.95,,1.4,8.11,35.5,249.4,,249.4,10.49,809.0,,11.3,,23.9,21.142,0.386
170,2326,3,1.1,,1.4,6.57,19.1,281.4,,281.4,11.93,928.0,,11.3,,24.0,21.867,0.386
171,2327,3,1.3,,1.4,4.55,21.3,294.6,,294.6,13.33,1030.0,,11.3,,24.6,22.67,0.386
172,2328,3,1.35,,1.4,4.0,20.0,300.0,,300.0,13.6,1060.0,,11.3,,24.6,22.78,0.386
173,2329,3,0.5,,0.6,,500.0,110.0,,140.0,5.8,,,4.6,,,,0.141
174,2330,3,0.6,,0.6,11.27,74.5,144.3,,144.3,7.89,576.0,,4.5,,25.1,17.689,0.141
175,2331,3,0.65,,0.6,10.29,36.5,160.3,,160.3,8.75,632.0,,4.5,,25.2,17.41,0.141
176,2332,3,0.73,,0.6,7.39,10.2,177.9,,177.9,9.82,543.0,,4.5,,23.9,15.386,0.141
177,2333,3,0.8,,0.6,6.61,11.6,192.4,,192.4,11.62,831.0,,4.6,,25.8,15.948,0.141
178,2334,3,0.88,,0.6,5.39,16.3,203.5,,203.5,12.53,925.0,,4.5,,25.8,16.171,0.141
179,2335,3,0.93,,0.6,3.46,23.3,212.0,,212.0,14.17,1008.0,,4.5,,26.0,15.21,0.141
180,2336,3,0.95,,0.6,2.51,38.9,219.7,,219.7,15.07,1069.0,,4.6,,26.0,14.739,0.141
181,2337,3,1.0,,0.6,,500.0,225.0,,225.0,15.5,,,4.5,,,,0.141
182,2338,3,0.6,,1.0,,500.0,130.0,,150.0,7.0,,,8.4,,,,0.261
183,2339,3,0.65,,1.0,9.98,29.4,156.7,,156.7,9.13,718.0,,8.4,,27.5,16.92,0.261
184,2340,3,0.7,,1.0,9.26,27.7,178.3,,178.3,9.72,782.0,,8.4,,26.1,17.104,0.261
185,2341,3,0.8,,1.0,8.14,28.1,185.6,,185.6,10.35,803.0,,8.4,,25.7,17.845,0.261
186,2342,3,0.9,,1.0,6.17,23.1,208.0,,208.0,11.99,878.0,,8.4,,25.7,17.409,0.261
187,2343,3,1.0,,1.0,4.23,26.0,225.0,,225.0,13.65,999.0,,8.4,,25.8,17.106,0.261
188,2344,3,1.1,,1.0,2.19,45.5,244.4,,244.4,15.26,1096.0,,8.4,,26.0,16.775,0.261
189,2345,3,1.2,,1.0,,500.0,250.0,,250.0,15.5,,,8.4,,,,0.261
190,2346,3,0.7,,1.4,,500.0,135.0,,150.0,6.5,,,11.3,,,,0.386
191,2347,3,0.8,,1.4,10.43,70.0,160.3,,160.3,7.89,600.0,,11.3,,27.2,21.711,0.386
192,2348,3,0.9,,1.4,9.5,42.0,177.9,,177.9,8.75,650.0,,11.3,,27.2,22.45,0.386
193,2349,3,1.05,,1.4,8.22,31.0,192.4,,192.4,9.82,750.0,,11.3,,27.2,23.568,0.386
194,2350,3,1.1,,1.4,7.04,19.8,201.3,,201.3,11.35,895.0,,11.6,,270.2,22.604,0.386
195,2351,3,1.2,,1.4,5.25,23.5,220.6,,220.6,12.74,977.0,,11.6,,27.3,21.856,0.386
196,2352,3,1.27,,1.4,4.54,26.0,221.7,,221.7,13.54,1021.0,,11.6,,27.5,22.133,0.386
197,2353,3,1.4,,1.4,2.2,41.0,244.8,,244.8,15.43,1134.0,,11.3,,27.7,21.362,0.386
198,2354,3,1.45,,1.4,,500.0,250.0,,250.0,15.6,,,11.3,,,,0.386
