,experiment_id,fuel_id,F_fuel,F_air,F_steam,O2,CO,NO,NO2,NOx,CO2,SO2,P_air,P_steam,comments,t_wg,sum_air,J
199,2355,3,0.83,0.792,,6.8,2.1,237.4,,237.4,11.55,845.0,,,,24.3,16.767,0.144
200,2356,3,0.7,0.792,,9.3,13.1,200.2,,200.2,9.51,695.0,,,,23.2,17.163,0.144
201,2357,3,0.6,0.792,,10.84,59.1,173.5,,173.5,8.35,621.0,,,,22.5,16.941,0.144
202,2358,3,0.5,0.792,,,1000.0,155.0,,155.0,7.5,,,,срыв,22.5,,0.144
203,2359,3,0.93,0.792,,3.63,,296.7,,296.7,14.02,1064.0,,,,23.4,15.359,0.144
204,2360,3,1.0,0.792,,,1000.0,310.0,,310.0,15.5,,,,,,,0.144
205,2361,3,1.0,1.036,,4.49,0.2,320.0,,320.0,13.42,989.0,,,NOx > 300,23.3,17.375,0.198
206,2362,3,0.93,1.036,,6.8,2.4,267.3,,267.3,11.55,886.0,,,,23.1,18.787,0.198
207,2363,3,0.8,1.036,,9.32,5.4,211.6,,211.6,9.64,742.0,,,,23.4,19.648,0.198
208,2364,3,0.9,1.036,,7.24,,251.5,,251.5,11.08,841.0,,,,23.3,18.763,0.198
209,2365,3,0.7,1.036,,10.44,17.7,205.3,,205.3,8.82,697.0,,,пульсации,22.6,19.015,0.198
210,2366,3,0.65,1.036,,,1000.0,178.0,,180.0,7.5,,,,,,,0.198
211,2367,3,0.4,0.458,,,1000.0,200.0,,200.0,9.0,,,,,,,0.072
212,2368,3,0.55,0.458,,7.22,6.0,214.8,,214.8,11.04,820.0,,,,20.1,11.449,0.072
213,2369,3,0.6,0.458,,5.5,3.2,238.7,,238.7,12.48,940.0,,,,19.4,11.104,0.072
214,2370,3,0.65,0.458,,4.02,11.5,248.1,,248.1,13.65,1017.0,,,,18.9,10.981,0.072
215,2371,3,0.68,0.458,,3.05,38.6,259.2,,259.2,14.67,1095.0,,,,18.5,10.867,0.072
216,2372,3,0.75,0.458,,,1000.0,270.0,,270.0,15.5,,,,,,,0.072
217,2373,3,0.5,0.458,,9.02,142.5,193.2,,193.2,9.87,803.0,,,пульсации,17.8,11.972,0.072
