,experiment_id,fuel_id,F_fuel,F_air,F_steam,O2,CO,NO,NO2,NOx,CO2,SO2,P_air,P_steam,comments,t_wg,sum_air,J
218,2374,4,0.6,,0.99,8.656,56.47,22.64,3.58,26.22,9.63,3.633,,4.5,,24.993,14.824,0.258
219,2375,4,0.6,,1.11,7.337,29.075,27.613,2.932,30.545,10.64,3.767,,4.5,,24.492,13.393,0.295
220,2376,4,0.6,,1.32,4.742,16.387,41.32,2.06,43.38,12.571,6.45,,4.5,,25.102,11.255,0.361
221,2377,4,0.6,,1.44,2.829,21.133,46.868,2.17,49.038,14.064,8.65,,4.5,,25.7,10.07,0.399
222,2378,4,0.4,,0.9,9.218,64.397,25.59,4.977,30.568,9.227,2.645,,2.8,,24.926,10.355,0.231
223,2379,4,0.4,,0.99,7.868,35.797,37.635,3.15,40.785,10.222,4.355,,2.8,,25.232,9.29,0.258
224,2380,4,0.4,,1.11,6.679,26.613,43.773,2.797,46.569,11.108,5.0,,2.8,,25.2,8.519,0.295
225,2381,4,0.4,,1.32,3.923,23.75,61.826,2.373,64.198,13.195,7.016,,2.8,,25.734,7.144,0.361
226,2382,4,0.4,,1.41,2.322,31.267,68.25,2.557,70.807,14.457,8.767,,2.8,,26.0,6.532,0.389
227,2383,4,0.8,,1.05,8.789,45.019,15.355,2.352,17.706,9.431,3.0,,6.5,,25.829,19.98,0.277
228,2384,4,0.8,,1.11,8.152,27.802,18.876,1.945,20.821,9.904,3.871,,6.5,,25.96,18.99,0.295
229,2385,4,0.8,,1.32,5.325,13.853,30.035,1.562,31.597,11.977,6.0,,6.5,,26.277,15.565,0.361
230,2386,4,0.8,,1.5,2.578,18.177,40.237,1.653,41.89,14.055,9.0,,6.5,,26.8,13.244,0.418
231,2387,4,1.2,,1.26,8.291,37.897,11.216,1.49,12.706,9.851,5.0,,9.8,,27.458,28.797,0.342
232,2388,4,1.2,,1.32,7.637,13.013,13.183,1.173,14.357,10.336,6.0,,9.8,,27.593,27.388,0.361
233,2389,4,1.2,,1.41,6.642,9.518,16.092,1.271,17.363,11.06,6.0,,9.8,,27.742,25.49,0.389
234,2390,4,1.2,,1.5,4.969,12.403,17.353,1.7,19.053,12.288,6.067,,9.8,,27.67,22.83,0.418
235,2391,4,1.2,,1.65,2.322,16.887,25.235,1.694,26.929,14.312,9.839,,9.8,,27.639,19.594,0.466
311,2467,4,0.6,,0.9,,500.0,,,,,,,,,,,0.231
312,2468,4,0.8,,0.99,,500.0,,,,,,,,,,,0.258
313,2469,4,1.2,,1.05,,500.0,,,,,,,,,,,0.277
314,2470,4,0.4,,1.44,,500.0,,,,,,,,,,,0.399
315,2471,4,0.6,,1.5,,500.0,,,,,,,,,,,0.418
316,2472,4,0.8,,1.65,,500.0,,,,,,,,,,,0.466
