,experiment_id,fuel_id,F_fuel,F_air,F_steam,O2,CO,NO,NO2,NOx,CO2,SO2,P_air,P_steam,comments,t_wg,sum_air,J
249,2405,5,0.405,,0.83,6.505,70.263,81.681,15.53,97.211,10.356,93.143,,4.513,,25.57,8.457,0.209
250,2406,5,0.532,,0.968,4.763,21.014,87.228,7.865,95.094,11.992,116.064,,5.998,,26.647,9.908,0.251
251,2407,5,0.598,,1.169,2.266,34.548,91.679,8.18,99.859,13.651,130.787,,6.419,,27.702,9.659,0.314
252,2408,5,0.789,,1.575,,1000.0,,,,,,,8.378,,27.702,,0.442
253,2409,5,0.495,,0.823,7.197,181.541,80.686,28.018,108.704,10.178,81.804,,5.314,,26.62,10.857,0.207
254,2410,5,0.598,,1.012,4.048,33.744,83.646,10.274,93.92,12.565,113.817,,6.64,,27.33,10.673,0.265
255,2411,5,0.705,,1.142,1.755,15.677,46.337,4.905,51.242,14.295,131.98,,7.989,,27.79,11.08,0.305
256,2412,5,0.802,,1.346,,1000.0,,,,15.0,,,9.104,,27.79,,0.369
257,2413,5,0.2,,0.5,,76.3,,,,7.76,,,,,,,0.112
258,2414,5,0.2,,0.45,,500.0,,,,7.0,,,,,,,0.098
259,2415,5,0.2,,0.6,,11.1,,,,9.88,,,,,,,0.141
260,2416,5,0.2,,0.8,,7.5,,,,13.05,,,,,,,0.2
261,2417,5,0.2,,0.8,,9.0,,,,12.59,,,,,,,0.2
262,2418,5,0.2,,0.95,,500.0,,,,15.0,,,,,,,0.246
263,2419,5,0.2,,1.0,,500.0,,,,15.0,,,,,,,0.261
264,2420,5,0.4,,0.65,,500.0,,,,9.0,,,,,,,0.156
265,2421,5,0.4,,0.7,,230.3,,,,9.41,,,,,,,0.17
266,2422,5,0.4,,0.8,,138.4,,,,9.63,,,,,,,0.2
267,2423,5,0.4,,1.0,,15.7,,,,12.96,,,,,,,0.261
268,2424,5,0.4,,1.2,,500.0,,,,15.0,,,,,,,0.323
269,2425,5,0.4,,1.2,,500.0,,,,15.0,,,,,,,0.323
270,2426,5,0.6,,0.75,,500.0,,,,10.0,,,,,,,0.185
271,2427,5,0.6,,0.8,,250.8,,,,11.46,,,,,,,0.2
272,2428,5,0.6,,1.0,,52.8,,,,12.46,,,,,,,0.261
273,2429,5,0.6,,1.2,,34.0,,,,14.02,,,,,,,0.323
274,2430,5,0.6,,1.35,,500.0,,,,15.0,,,,,,,0.37
275,2431,5,0.6,,1.4,,500.0,,,,15.0,,,,,,,0.386
276,2432,5,0.8,,0.95,,500.0,,,,10.0,,,,,,,0.246
277,2433,5,0.8,,1.2,,9.7,,,,11.77,,,,,,,0.323
278,2434,5,0.8,,1.4,,500.0,,,,14.44,,,,,,,0.386
279,2435,5,0.8,,1.5,,500.0,,,,15.0,,,,,,,0.418
280,2436,5,0.8,,1.6,,500.0,,,,15.0,,,,,,,0.45
281,2437,5,1.0,,1.15,,500.0,,,,8.0,,,,,,,0.308
282,2438,5,1.0,,1.4,,49.0,,,,15.0,,,,,,,0.386
283,2439,5,1.0,,1.6,,500.0,,,,15.0,,,,,,,0.45
284,2440,5,1.0,,1.6,,500.0,,,,15.0,,,,,,,0.45
285,2441,5,1.2,,1.35,,500.0,,,,9.0,,,,,,,0.37
286,2442,5,1.2,,1.6,,17.4,,,,14.81,,,,,,,0.45
287,2443,5,1.2,,1.7,,500.0,,,,15.0,,,,,,,0.482
288,2444,5,1.2,,1.8,,500.0,,,,15.0,,,,,,,0.514
289,2445,5,1.4,,1.55,,500.0,,,,15.0,,,,,,,0.434
290,2446,5,1.4,,1.8,,500.0,,,,15.0,,,,,,,0.514
291,2447,5,1.4,,1.8,,500.0,,,,15.0,,,,,,,0.514
