,experiment_id,fuel_id,F_fuel,F_air,F_steam,O2,CO,NO,NO2,NOx,CO2,SO2,P_air,P_steam,comments,t_wg,sum_air,J
111,2267,2,1.0,,0.6,1.46,7.1,165.2,1.9,167.1,14.86,353.0,,4.7,190530_1,26.1,14.804,0.141
112,2268,2,0.8,,0.6,6.24,2.2,124.6,2.2,126.8,11.2,254.0,,4.7,190530_2,24.7,15.679,0.141
113,2269,2,0.7,,0.6,8.43,7.4,107.7,3.7,111.4,9.71,217.0,,4.7,190530_3,24.1,16.109,0.141
114,2270,2,1.2,,0.6,,1000.0,195.0,1.5,196.5,,,,,190530_4,27.0,,0.141
115,2271,2,0.6,,0.6,,1000.0,90.0,4.5,94.5,,,,,,23.0,,0.141
116,2272,2,0.9,,0.4,1.06,37.1,180.0,1.5,181.5,15.18,363.0,,2.9,190530_5,24.4,13.057,0.083
117,2273,2,0.8,,0.4,3.75,,161.5,1.3,162.8,13.13,310.0,,2.9,190530_6,23.9,13.416,0.083
118,2274,2,0.7,,0.4,6.62,22.4,114.9,4.2,119.1,10.95,249.0,,2.9,190530_7,23.4,14.082,0.083
119,2275,2,1.0,,0.4,,1000.0,200.0,1.5,201.5,,,,,,23.2,,0.083
120,2276,2,0.45,,0.4,,1000.0,85.0,4.5,89.5,,,,,,23.0,,0.083
121,2277,2,0.4,,0.2,,10.0,118.0,4.5,122.5,,,,,,23.0,,0.029
122,2278,2,0.6,,0.2,,10.0,138.0,4.0,142.0,,,,,,23.0,,0.029
123,2279,2,0.8,,0.2,1.64,220.0,158.3,3.1,161.4,14.83,336.0,,1.6,190530_10,22.8,11.954,0.029
124,2280,2,1.0,,0.8,4.51,0.6,144.9,1.7,146.6,12.68,300.0,,6.4,190530_11,24.6,17.542,0.2
125,2281,2,0.9,,0.8,6.83,1.4,128.8,1.8,130.6,10.99,256.0,,6.7,190530_12,24.6,18.373,0.2
126,2282,2,0.8,,0.8,8.75,4.4,119.7,2.5,122.2,9.47,217.0,,6.8,190530_13,24.2,18.891,0.2
127,2283,2,1.1,,0.8,2.66,4.1,161.0,2.1,163.1,14.05,336.0,,6.7,190530_14,25.4,17.35,0.2
128,2284,2,1.2,,0.8,0.85,159.9,167.9,2.1,170.0,15.45,379.0,,6.5,190530_15,25.6,17.227,0.2
129,2285,2,1.3,,0.8,,1000.0,175.0,3.0,178.0,,,,,,25.0,,0.2
130,2286,2,0.7,,0.8,,1000.0,105.0,2.0,107.0,,,,,,25.0,,0.2
131,2287,2,1.0,,1.0,6.1,1.9,125.4,1.8,127.2,11.39,242.0,,8.7,190530_16,25.5,19.414,0.261
132,2288,2,0.9,,1.0,8.1,1.9,119.5,2.1,121.6,10.06,210.0,,8.5,190530_17,25.1,20.182,0.261
133,2289,2,1.1,,1.0,4.62,2.6,134.9,2.2,137.1,12.54,257.0,,8.4,190530_18,25.8,19.426,0.261
134,2290,2,1.2,,1.0,2.94,4.1,149.4,2.2,151.6,13.81,293.0,,8.4,190530_19,26.3,19.221,0.261
135,2291,2,1.3,,1.0,1.67,6.2,159.3,1.9,161.2,14.69,317.0,,8.4,190530_20,26.7,19.455,0.261
136,2292,2,1.4,,1.0,,1000.0,168.0,1.8,169.8,,,,,,27.0,,0.261
137,2293,2,0.8,,1.0,,1000.0,110.0,2.5,112.5,,,,,,25.0,,0.261
138,2294,2,1.3,,1.2,4.23,4.2,128.9,2.2,131.1,13.09,270.0,,10.4,190530_21,26.6,22.424,0.323
139,2295,2,1.4,,1.2,1.66,5.6,160.6,1.9,162.5,14.87,319.0,,10.2,190530_22,27.5,20.94,0.323
140,2296,2,1.2,,1.2,6.05,3.1,130.4,1.9,132.3,11.76,247.0,,10.4,190530_23,27.0,23.219,0.323
141,2297,2,1.1,,1.2,6.93,1.7,126.6,1.9,128.5,10.8,222.0,,10.6,190530_24,26.5,22.616,0.323
142,2298,2,1.0,,1.2,8.22,2.4,118.3,2.0,120.3,9.85,203.0,,10.6,190530_25,26.2,22.635,0.323
143,2299,2,1.5,,1.2,,1000.0,175.0,1.8,176.8,,,,,,26.0,,0.323
144,2300,2,0.9,,1.2,,1000.0,110.0,2.0,112.0,,,,,,28.0,,0.323
145,2301,2,1.5,,1.4,1.42,8.4,160.4,2.1,162.5,14.99,317.0,,11.4,190530_26,28.0,22.161,0.386
146,2302,2,1.4,,1.4,2.94,4.9,150.1,2.2,152.3,13.96,293.0,,11.6,190530_27,27.8,22.424,0.386
147,2303,2,1.3,,1.4,4.9,3.5,134.5,2.3,136.8,12.31,255.0,,11.8,190530_28,27.3,23.358,0.386
148,2304,2,1.2,,1.4,6.04,2.8,129.5,1.7,131.2,11.62,242.0,,11.7,190530_29,27.3,23.204,0.386
149,2305,2,1.1,,1.4,7.72,2.0,123.1,2.2,125.3,10.19,213.0,,12.0,190530_30,27.0,23.961,0.386
150,2306,2,1.6,,1.4,,1000.0,170.0,1.6,171.6,,,,,,29.0,,0.386
151,2307,2,0.95,,1.4,,1000.0,110.0,2.4,112.4,,,,,,26.5,,0.386
