,experiment_id,fuel_id,F_fuel,F_air,F_steam,O2,CO,NO,NO2,NOx,CO2,SO2,P_air,P_steam,comments,t_wg,sum_air,J
0,2156,1,0.8,0.265,,,500.0,,,,,,,,181210_1,,,0.032
1,2157,1,0.8,0.399,,4.34,31.9,81.7,2.4,84.1,12.65,118.0,,,181210_2,26.3,14.552,0.06
2,2158,1,0.9,0.399,,1.93,20.6,94.3,1.4,95.7,14.48,141.0,,,181210_3,26.7,14.302,0.06
3,2159,1,1.0,0.399,,,500.0,,,,,,,,181210_4,,,0.06
4,2160,1,0.8,0.532,,6.25,48.6,59.9,4.8,64.7,11.31,105.0,,,181210_5,26.8,16.437,0.087
5,2161,1,0.9,0.532,,4.11,31.4,78.0,3.2,81.2,12.95,122.0,,,181210_6,27.1,16.148,0.087
6,2162,1,1.0,0.532,,2.04,18.3,89.6,1.8,91.4,14.46,146.0,,,181210_7,27.6,15.984,0.087
7,2163,1,1.1,0.532,,,500.0,,,,,,,,181210_8,,,0.087
8,2164,1,0.8,0.659,,8.01,62.5,40.7,6.6,47.3,9.91,92.0,,,181210_9,26.8,18.664,0.115
9,2165,1,1.0,0.659,,4.3,27.8,75.7,3.8,79.5,12.89,123.0,,,181210_10,27.6,18.147,0.115
10,2166,1,1.1,0.659,,2.44,14.2,86.6,2.1,88.7,14.3,145.0,,,181210_11,28.2,17.961,0.115
11,2167,1,1.2,0.659,,,500.0,,,,,,,,181210_12,,,0.115
12,2168,1,0.8,0.792,,9.21,67.6,27.2,5.6,32.8,9.24,86.0,,,181210_13,26.6,20.563,0.144
13,2169,1,1.0,0.792,,5.62,19.9,62.7,3.5,66.2,11.94,114.0,,,181210_14,27.6,19.704,0.144
14,2170,1,1.1,0.792,,4.19,12.7,73.0,2.5,75.5,12.99,127.0,,,181210_15,28.0,19.831,0.144
15,2171,1,1.2,0.792,,2.45,7.5,85.2,1.8,87.0,14.31,144.0,,,181210_16,28.4,19.604,0.144
16,2172,1,1.3,0.792,,,500.0,,,,,,,,181210_17,,,0.144
17,2173,1,0.9,0.913,,8.4,29.4,35.3,4.0,39.3,9.91,95.0,,,181210_18,27.2,21.646,0.17
18,2174,1,1.0,0.913,,6.62,16.2,49.7,3.0,52.7,11.17,107.0,,,181210_19,27.7,21.074,0.17
19,2175,1,1.2,0.913,,3.91,7.7,68.4,1.8,70.2,13.3,131.0,,,181210_20,28.4,21.279,0.17
20,2176,1,1.3,0.913,,2.35,5.4,78.7,1.4,80.1,14.48,149.0,,,181210_21,28.8,21.124,0.17
21,2177,1,1.4,0.913,,,500.0,,,,,,,,181210_22,,,0.17
22,2178,1,0.9,1.036,,9.27,120.1,24.3,5.4,29.7,9.19,87.0,,,181210_23,27.1,23.252,0.198
23,2179,1,1.0,1.036,,7.52,15.9,40.6,2.8,43.4,10.48,101.0,,,181210_24,27.5,22.482,0.198
24,2180,1,1.2,1.036,,4.78,8.6,59.0,2.0,61.0,12.66,123.0,,,181210_25,28.4,22.421,0.198
25,2181,1,1.3,1.036,,3.17,5.5,66.5,1.5,68.0,13.92,139.0,,,181210_26,28.8,22.096,0.198
26,2182,1,1.4,1.036,,1.7,5.6,74.9,1.3,76.2,14.93,157.0,,,181210_27,29.4,21.983,0.198
27,2183,1,1.5,1.036,,,500.0,,,,,,,,181210_28,,,0.198
28,2184,1,0.7,0.265,,3.8,9.3,91.4,2.0,93.4,13.46,122.0,,,181210_29,22.9,12.333,0.032
29,2185,1,0.6,0.265,,6.24,14.6,78.3,2.7,81.0,11.53,105.0,,,181210_30,23.0,12.319,0.032
30,2186,1,0.5,0.265,,9.09,66.0,51.5,6.6,58.1,9.4,83.0,,,181210_31,22.6,12.723,0.032
31,2187,1,0.4,0.265,,,500.0,,,,,,,,181210_32,,,0.032
32,2188,1,0.7,0.399,,6.13,13.1,72.6,3.2,75.8,11.65,109.0,,,181210_33,25.1,14.266,0.06
33,2189,1,0.6,0.399,,8.69,30.3,52.1,4.8,56.9,9.7,90.0,,,181210_34,24.6,14.771,0.06
34,2190,1,0.5,0.399,,11.26,300.3,17.2,12.2,29.4,7.75,66.0,,,181210_35,23.8,15.557,0.06
35,2191,1,0.7,0.532,,8.11,27.0,52.6,5.2,57.8,10.17,94.0,,,181210_36,25.5,16.457,0.087
36,2192,1,0.6,0.532,,10.41,122.4,24.0,8.5,32.5,8.43,76.0,,,181210_37,25.0,17.17,0.087
37,2193,1,0.7,0.659,,9.75,64.2,28.0,7.1,35.1,8.91,83.0,,,181210_38,25.5,18.857,0.115
38,2194,1,0.4,0.342,,,500.0,,,,,,,,срыв,,,0.048
39,2195,1,0.42,0.399,,,500.0,,,,,,,,срыв,,,0.06
40,2196,1,0.54,0.532,,,500.0,,,,,,,,срыв,,,0.087
41,2197,1,0.6,0.659,,,500.0,,,,,,,,срыв,,,0.115
42,2198,1,0.7,0.792,,,500.0,,,,,,,,срыв,,,0.144
43,2199,1,0.78,0.913,,,500.0,,,,,,,,срыв,,,0.17
44,2200,1,0.84,1.036,,,500.0,,,,,,,,срыв,,,0.198
292,2448,1,1.1,0.532,0.2,,500.0,,,,,,,,,,,0.087
293,2449,1,1.2,0.659,0.4,,500.0,,,,,,,,,,,0.115
