,experiment_id,fuel_id,F_fuel,F_air,F_steam,O2,CO,NO,NO2,NOx,CO2,SO2,P_air,P_steam,comments,t_wg,sum_air,J
236,2392,4,0.76,0.99,,8.129,29.503,38.724,2.332,41.056,10.018,5.032,4.6,,,24.037,18.009,0.187
237,2393,4,0.76,1.11,,7.261,23.759,46.531,2.538,49.069,10.687,4.625,4.6,,,23.647,16.871,0.214
238,2394,4,0.76,1.32,,4.624,25.213,65.908,2.453,68.362,12.679,6.467,4.6,,,24.18,14.154,0.262
239,2395,4,0.76,1.44,,2.768,31.578,76.413,2.472,78.884,14.118,8.594,4.6,,,24.666,12.713,0.289
240,2396,4,0.51,0.9,,9.282,41.319,44.487,3.397,47.884,9.174,3.387,2.8,,,23.732,13.274,0.167
241,2397,4,0.51,0.99,,7.938,28.523,57.41,2.429,59.839,10.163,4.935,2.8,,,24.006,11.908,0.187
242,2398,4,0.51,1.11,,6.582,25.526,70.761,2.335,73.097,11.201,5.0,2.8,,,24.09,10.788,0.214
243,2399,4,0.51,1.32,,3.937,30.548,91.971,2.497,94.468,13.198,6.581,2.8,,,24.571,9.116,0.262
244,2400,4,0.51,1.41,,2.777,37.455,99.206,2.645,101.852,14.095,8.548,2.8,,,24.906,8.535,0.283
245,2401,4,1.03,1.05,,9.037,55.539,30.371,3.168,33.539,9.362,3.71,6.7,,,24.139,26.26,0.201
246,2402,4,1.03,1.11,,8.348,31.542,36.556,2.148,38.705,9.862,4.935,6.7,,,24.197,24.829,0.214
247,2403,4,1.03,1.32,,5.861,18.558,49.126,1.784,50.91,11.737,6.355,6.7,,,24.552,20.749,0.262
248,2404,4,1.03,1.5,,3.286,22.607,61.883,1.913,63.797,13.701,8.667,6.7,,,25.147,17.733,0.303
307,2463,4,0.76,0.9,,,500.0,,,,,,,,,,,0.167
308,2464,4,1.03,0.99,,,500.0,,,,,,,,,,,0.187
309,2465,4,0.51,1.44,,,500.0,,,,,,,,,,,0.289
310,2466,4,0.76,1.5,,,500.0,,,,,,,,,,,0.303
